14 00:27, 040101 =>  230101,   4, 000786
14 02:01, 040101 =>  030501,  14, 000133
14 03:02, 150101 =>  100701,   9, 000066
14 03:23, 130101 =>  160701,   3, 000913
14 05:45, 150101 =>  021301,  21, 000144
14 07:46, 150101 =>  110401,  18, 000495
14 09:21, 040101 =>  040601,  14, 000893
14 10:09, 040101 =>  040501,   7, 000815
14 10:36, 130101 =>  130501,   4, 000816
14 11:09, 150101 =>  090101,   5, 000298
14 11:43, 150101 =>  190101,   5, 000453
14 12:24, 040101 =>  081001,   6, 000923
14 13:45, 150101 =>  100801,  12, 000674
14 14:59, 150101 =>  090301,  11, 000330
14 15:20, 040101 =>  040701,   3, 000793
14 15:47, 150101 =>  100301,   4, 000017
14 16:14, 150101 =>  110201,   4, 000224
14 16:41, 150101 =>  021401,   4, 000196
14 17:08, 040101 =>  210401,   4, 000231
14 18:16, 130101 =>  160601,  10, 000455
14 18:36, 040101 =>  210901,   3, 000693
14 19:03, 150101 =>  100601,   4, 000493
14 19:10, 150101 =>  100501,   1, 000446
14 19:30, 040101 =>  210701,   3, 000846
15 00:18, 130101 =>  061301,   3, 000305
15 00:43, 040101 =>  081001,   4, 000050
15 01:46, 150101 =>  020401,  10, 000838
15 02:23, 130101 =>  060201,   6, 000710
15 05:18, 150101 =>  150401,  28, 000695
15 05:37, 150101 =>  120901,   3, 000146
15 06:40, 040101 =>  030401,  10, 000669
15 08:26, 150101 =>  120601,  17, 000269
15 09:03, 150101 =>  120101,   6, 000670
15 10:12, 130101 =>  240101,  11, 000100
15 11:08, 040101 =>  030701,   9, 000921
15 11:33, 130101 =>  240301,   4, 000399
15 12:48, 150101 =>  110501,  12, 000083
15 13:26, 150101 =>  021601,   6, 000477
15 13:45, 150101 =>  110401,   3, 000288
15 14:16, 130101 =>  140301,   5, 000180