01 01:20, 150101 =>  120201,  30, 000169
01 02:05, 130101 =>  061101,  17, 000361
01 02:32, 040101 =>  210901,  10, 000904
01 04:10, 040101 =>  230101,  37, 000023
01 05:09, 040101 =>  040201,  22, 000428
01 05:33, 150101 =>  101001,   9, 000548
01 06:26, 040101 =>  210301,  20, 000050
01 07:14, 130101 =>  220501,  18, 000381
01 09:22, 150101 =>  151001,  48, 000821
01 10:00, 040101 =>  211301,  14, 000406
01 10:26, 040101 =>  170201,  10, 000814
01 10:42, 040101 =>  040301,   6, 000716
01 11:04, 130101 =>  200301,   8, 000200
01 11:12, 040101 =>  210401,   3, 000848
01 11:36, 130101 =>  200601,   9, 000939
01 12:10, 130101 =>  220101,  13, 000624
01 12:21, 040101 =>  210301,   4, 000608
01 12:34, 040101 =>  080701,   5, 000408
01 12:50, 040101 =>  050601,   6, 000596
01 13:04, 040101 =>  051001,   5, 000769
01 13:20, 130101 =>  220601,   6, 000333
01 13:57, 150101 =>  150901,  14, 000107
01 14:26, 150101 =>  110201,  11, 000980
01 15:20, 150101 =>  020801,  20, 000636
01 16:37, 150101 =>  020201,  29, 000265
01 16:58, 150101 =>  120801,   8, 000320
01 17:06, 040101 =>  080701,   3, 000750
01 17:30, 150101 =>  120701,   9, 000112
01 17:36, 040101 =>  040601,   2, 000792
02 00:13, 150101 =>  021101,   5, 000601
02 01:47, 150101 =>  020101,  35, 000281
02 03:42, 150101 =>  120501,  43, 000978
02 04:31, 040101 =>  051001,  18, 000269
02 05:19, 150101 =>  120401,  18, 000601
02 06:04, 150101 =>  070101,  17, 000710
02 07:30, 150101 =>  150401,  32, 000025
02 09:20, 040101 =>  080201,  41, 000266
02 09:42, 040101 =>  050101,   8, 000385
02 10:49, 150101 =>  021801,  25, 000915
02 11:48, 130101 =>  010601,  22, 000453
02 12:15, 130101 =>  060201,  10, 000568
02 12:58, 130101 =>  160101,  16, 000510
02 13:49, 040101 =>  050401,  19, 000363
02 14:13, 130101 =>  061101,   9, 000634
02 14:26, 150101 =>  090301,   5, 000793
02 14:37, 150101 =>  150701,   4, 000117
02 14:45, 150101 =>  090101,   3, 000297
02 14:53, 130101 =>  130801,   3, 000266
02 15:33, 150101 =>  021601,  15, 000336
02 15:47, 150101 =>  020101,   5, 000728