14 00:27, 040101 =>  230101,   4, 000786
14 02:01, 040101 =>  030501,  14, 000133
14 03:02, 150101 =>  100701,   9, 000066
14 03:23, 130101 =>  160701,   3, 000913
14 05:45, 150101 =>  021301,  21, 000144
14 07:46, 150101 =>  110401,  18, 000495
14 09:21, 040101 =>  040601,  14, 000893
14 10:09, 040101 =>  040501,   7, 000815
14 10:36, 130101 =>  130501,   4, 000816
14 11:09, 150101 =>  090101,   5, 000298
14 11:43, 150101 =>  190101,   5, 000453
14 12:24, 040101 =>  081001,   6, 000923
14 13:45, 150101 =>  100801,  12, 000674
14 14:59, 150101 =>  090301,  11, 000330
14 15:20, 040101 =>  040701,   3, 000793
14 15:47, 150101 =>  100301,   4, 000017
14 16:14, 150101 =>  110201,   4, 000224
14 16:41, 150101 =>  021401,   4, 000196
14 17:08, 040101 =>  210401,   4, 000231
14 18:16, 130101 =>  160601,  10, 000455
14 18:36, 040101 =>  210901,   3, 000693
14 19:03, 150101 =>  100601,   4, 000493
14 19:10, 150101 =>  100501,   1, 000446
14 19:30, 040101 =>  210701,   3, 000846
15 00:18, 130101 =>  061301,   3, 000305
15 00:43, 040101 =>  081001,   4, 000050
15 01:46, 150101 =>  020401,  10, 000838
15 02:23, 130101 =>  060201,   6, 000710
15 05:18, 150101 =>  150401,  28, 000695
15 05:37, 150101 =>  120901,   3, 000146
15 06:40, 040101 =>  030401,  10, 000669
15 08:26, 150101 =>  120601,  17, 000269
15 09:03, 150101 =>  120101,   6, 000670
15 10:12, 130101 =>  240101,  11, 000100
15 11:08, 040101 =>  030701,   9, 000921
15 11:33, 130101 =>  240301,   4, 000399
15 12:48, 150101 =>  110501,  12, 000083
15 13:26, 150101 =>  021601,   6, 000477
15 13:45, 150101 =>  110401,   3, 000288
15 14:16, 130101 =>  140301,   5, 000180
15 14:41, 150101 =>  090701,   4, 000210
15 15:25, 150101 =>  120801,   7, 000580
15 16:02, 150101 =>  100801,   6, 000129
15 16:46, 040101 =>  230301,   7, 000044
15 17:11, 150101 =>  021701,   4, 000957
15 18:07, 040101 =>  040601,   9, 000563
16 01:31, 150101 =>  021401,  14, 000024
16 03:36, 150101 =>  021801,  19, 000542
16 04:22, 130101 =>  060301,   7, 000028
16 06:40, 150101 =>  120301,  21, 000482
16 08:25, 150101 =>  110401,  16, 000817
16 10:30, 040101 =>  230401,  19, 000602
16 11:16, 150101 =>  020401,   7, 000480
16 11:55, 150101 =>  021401,   6, 000427
16 12:15, 150101 =>  101001,   3, 000354
16 13:27, 130101 =>  061301,  11, 000676
16 14:13, 150101 =>  100801,   7, 000374
16 14:46, 150101 =>  150801,   5, 000029
16 15:25, 130101 =>  010101,   6, 000623
16 15:52, 130101 =>  140101,   4, 000782
16 16:11, 150101 =>  020401,   3, 000045
16 17:17, 040101 =>  040601,  10, 000549
17 01:14, 130101 =>  060301,  12, 000816
17 01:39, 130101 =>  060101,   4, 000547
17 02:41, 130101 =>  200501,  10, 000524
17 03:31, 150101 =>  100801,   8, 000677
17 06:06, 150101 =>  090401,  25, 000015
17 06:44, 130101 =>  130801,   6, 000886
17 08:17, 150101 =>  100601,  15, 000165
17 08:35, 130101 =>  220901,   3, 000349